44,676
49,5124
49,3564
46,329
47,2188
44,169
50,636
50,9731
48,3388
49,7001
50,3919
46,86
48,7458
49,234
46,4591
48,6219
47,1843
44,9644
48,0105
49,6808
48,2581
50,5682
44,3182
50,1043
48,1297
44,4987
46,3907
48,3358
48,0941
44,1533
48,4844
45,8
50,0281
49,9165
50,4904
50,3832
47,7148
50,0782
49,196
44,7894
45,0427
47,626
47,4218
47,77
47,0797
46,9142
46,0329
46,2296
46,0226
44,2055
48,8262
49,2066
50,0211
46,0901
45,2918
50,7284
50,8772
45,7781
45,2495
46,5422
47,6194
46,2673
45,3611
47,7201
50,9517
45,3868
45,5167
46,1398
45,5781
47,7143
46,0963
44,84
45,4016
44,3696
50,1071
47,2508
49,5987
45,6822
44,1945
46,2995
49,5681
48,7345
44,5294
48,3906
49,7557
47
46
46
45
45
43
44
50
49
44
49
45
50
43
48
