
40.450000762939
126.57437906519
112.11160716945
133.36825234141
99.975477686126
128.83828910542
39.75
133.8773786513
135.50378985087
127.34338449554
104.85096654264
107.42505147903
40.150001525879
124.20169545811
122.21651055682
113.50513782097
126.17755569887
119.4602523829
41.650001525879
126.60835278303
115.59265392759
136.17453043998
125.68917316848
126.91201756646
39.900001525879
136.23163105372
129.38368344596
133.09957032006
128.85129177001
131.502424927
39.75
115.12328377982
114.91767052199
120.36799540558
111.66875022429
113.30971261598
40.150001525879
128.25737190532
109.67438284968
121.62325789414
108.6319843123
117.13516633191
45.5
146.48927516256
132.31445145251
146.14817763905
155.16707212813
147.32510127293
40.049999237061
117.07381210126
133.25006487332
121.30143030357
116.50680696845
129.3835172472