
30.64999961853
107.86501150285
99.750674404194
106.58316702635
95.267429791833
96.20078022499
91.505034714609
90.635100927226
32.150001525879
120.38358346437
119.92469580067
102.52385730735
95.119173513575
118.82677815955
92.28839141512
113.67385738339
30.049999237061
103.78057457999
103.80648432614
94.409638475573
92.93104865877
100.00730386779
84.330464568977
88.652737954667
32.349998474121
110.60234703489
95.367925838962
88.719247791272
95.791333130219
115.89414466012
88.772177397655
83.821982933222
32.5
97.98161849875
122.50149606445
106.60431604647
94.098828904132
100.23674465116
113.87135591697
98.319166670193
31.10000038147
111.51861526394
106.62977757464
101.26814759749
87.79946916343
88.176993797277
99.984533611131
91.650990727907