
25.89999961853
96.768346233524
95.887868654539
93.659761188732
98.563841884831
93.015747075404
79.263648829961
83.598924448729
84.995007056628
76.011981645401
87.897572501128
27.549999237061
94.20883015015
93.084059387851
95.086372168006
99.318950254182
85.56821760651
83.831720499917
96.955395928567
83.927978138876
102.22523628748
88.520755645835
26.64999961853
102.82317877232
98.66530326701
97.20866027452
90.560534416805
85.342676649262
84.974080960045
74.162946165667
82.302807456598
77.565678741116
76.872076110982
26.700000762939
93.698221139382
94.670408220835
106.72575267032
82.885719661744
75.992208954403
83.58481932011
75.379179494483
82.485843539148
76.46142243526
71.810226406908
81.509939636173
71.415440766218
67.937623803429
77.472812757894
82.906676342184